1 0 51 132600

2 10 52 140600

3 20 53 148900

4 65 54 157500

5 125 55 166400

6 215 56 175600

7 345 57 185200

8 510 58 195100

9 730 59 205400

10 1000 60 216000

11 1330 61 226990

12 1730 62 238300

13 2200 63 250000

14 2745 64 262100

15 3475 65 274600

16 4100 66 287500

17 4915 67 300800

18 5830 68 314400

19 6860 69 328500

20 8000 70 343000

21 9260 71 358000

22 10650 72 373000

23 12200 73 389000

24 13800 74 405000

25 15650 75 422000

26 17600 76 439000

27 19700 77 457000

28 22000 78 475000

29 24400 79 493000

30 27000 80 512000

31 30000 81 531000

32 33000 82 551000

33 36000 83 572000

34 39300 84 593000

35 43000 85 614000

36 47000 86 636000

37 50700 87 659000

38 54800 88 681000

39 59300 89 705000

40 64000 90 729000

41 69000 91 754000

42 74000 92 779000

43 79500 93 804000

44 85200 94 831000

45 91100 95 857000

46 97300 96 885000

47 104000 97 913000

48 110600 98 941000

49 117700 99 970000

50 125000 100 1000000

